-99.231855,19.014286
-99.228571,19.005018
-99.228571,19.014286
-99.228571,19.005018
-99.225743,19.000000
-99.214286,19.000000
-99.214286,19.014286
-99.228571,19.014286
-99.185714,19.014286
-99.214286,19.014286
-99.214286,19.000000
-99.185714,19.000000
-99.171608,19.000000
-99.174655,19.014286
-99.185714,19.014286
-99.185714,19.000000
-98.957143,19.008288
-98.960573,19.000000
-98.957143,19.000000
-98.958547,19.014286
-98.957143,19.012245
-98.957143,19.014286
-98.957143,19.012245
-98.957143,19.008288
-98.957143,19.000000
-98.942857,19.000000
-98.942857,19.014286
-98.957143,19.014286
-98.957143,19.008288
-98.957143,19.012245
-98.957143,19.014286
-98.942857,19.014286
-98.942857,19.000000
-98.957143,19.000000
-98.928571,19.014286
-98.942857,19.014286
-98.942857,19.000000
-98.928571,19.000000
-98.924354,19.000000
-98.914286,19.003077
-98.914286,19.014286
-98.928571,19.014286
-98.928571,19.000000
-98.900000,19.008040
-98.906308,19.010854
-98.904700,19.014286
-98.914286,19.014286
-98.914286,19.003077
-98.911754,19.000000
-98.900000,19.000000
-98.896619,19.014286
-98.900000,19.008040
-98.900000,19.000000
-98.885714,19.000000
-98.885714,19.014286
-98.876310,19.000000
-98.871429,19.003434
-98.871429,19.014286
-98.885714,19.014286
-98.885714,19.000000
-98.871429,19.003434
-98.857143,19.004361
-98.857143,19.014286
-98.871429,19.014286
-98.857143,19.004361
-98.849480,19.014286
-98.857143,19.014286
-98.800000,19.006633
-98.808287,19.006448
-98.811947,19.000000
-98.800000,19.000000
-99.235370,19.028571
-99.231855,19.014286
-99.228571,19.014286
-99.228571,19.028571
-99.200000,19.028571
-99.228571,19.028571
-99.228571,19.014286
-99.200000,19.014286
-99.185714,19.023845
-99.190070,19.028571
-99.200000,19.028571
-99.200000,19.014286
-99.185714,19.014286
-99.174655,19.014286
-99.185714,19.023845
-99.185714,19.014286
-98.975469,19.028571
-98.971429,19.024450
-98.971429,19.028571
-98.971429,19.024450
-98.958547,19.014286
-98.957143,19.014286
-98.957143,19.028571
-98.971429,19.028571
-98.914286,19.028571
-98.957143,19.028571
-98.957143,19.014286
-98.914286,19.014286
-98.904700,19.014286
-98.900000,19.017153
-98.900000,19.028571
-98.914286,19.028571
-98.914286,19.014286
-98.885714,19.025360
-98.888345,19.028571
-98.900000,19.028571
-98.900000,19.017153
-98.899476,19.017289
-98.896619,19.014286
-98.885714,19.014286
-98.882851,19.028571
-98.885714,19.025360
-98.885714,19.014286
-98.871429,19.014286
-98.871429,19.028571
-98.857143,19.028571
-98.871429,19.028571
-98.871429,19.014286
-98.857143,19.014286
-98.849480,19.014286
-98.842857,19.022786
-98.842857,19.028571
-98.857143,19.028571
-98.857143,19.014286
-98.842857,19.022786
-98.828571,19.026550
-98.828571,19.028571
-98.842857,19.028571
-98.828571,19.026550
-98.826999,19.028571
-98.828571,19.028571
-99.236503,19.042857
-99.235708,19.035706
-99.235370,19.028571
-99.228571,19.028571
-99.228571,19.042857
-99.200000,19.042857
-99.228571,19.042857
-99.228571,19.028571
-99.200000,19.028571
-99.185714,19.042857
-99.200000,19.042857
-99.200000,19.028571
-99.185714,19.028571
-98.987411,19.042857
-98.985714,19.040467
-98.985714,19.042857
-98.985714,19.040467
-98.975469,19.028571
-98.971429,19.028571
-98.971429,19.042857
-98.985714,19.042857
-98.900000,19.042857
-98.971429,19.042857
-98.971429,19.028571
-98.900000,19.028571
-98.888345,19.028571
-98.885714,19.031027
-98.885714,19.042857
-98.900000,19.042857
-98.900000,19.028571
-98.885714,19.031027
-98.883657,19.030292
-98.882851,19.028571
-98.871429,19.028571
-98.871429,19.042857
-98.885714,19.042857
-98.828571,19.042857
-98.871429,19.042857
-98.871429,19.028571
-98.828571,19.028571
-98.826999,19.028571
-98.814286,19.037459
-98.814286,19.042857
-98.827228,19.042857
-98.828195,19.042857
-98.828571,19.042857
-98.828571,19.028571
-98.828195,19.042857
-98.827228,19.042857
-98.814286,19.042857
-98.814286,19.037459
-98.826999,19.028571
-98.828571,19.028571
-98.828571,19.042857
-98.814286,19.037459
-98.808936,19.042857
-98.814286,19.042857
-99.243814,19.057143
-99.242857,19.055181
-99.242857,19.057143
-99.242857,19.055181
-99.236503,19.042857
-99.228571,19.042857
-99.228571,19.057143
-99.242857,19.057143
-99.200000,19.057143
-99.228571,19.057143
-99.228571,19.042857
-99.200000,19.042857
-99.194231,19.042857
-99.199950,19.057143
-99.200000,19.057143
-99.200000,19.042857
-98.997127,19.057143
-98.987411,19.042857
-98.985714,19.042857
-98.985714,19.057143
-98.842857,19.057143
-98.985714,19.057143
-98.985714,19.042857
-98.842857,19.042857
-98.828571,19.043445
-98.829901,19.057143
-98.842857,19.057143
-98.842857,19.042857
-98.828571,19.042857
-98.828195,19.042857
-98.828571,19.043445
-98.828571,19.042857
-98.814286,19.048751
-98.827228,19.042857
-98.814286,19.042857
-98.808936,19.042857
-98.814286,19.048751
-98.814286,19.042857
-99.249979,19.071429
-99.243814,19.057143
-99.242857,19.057143
-99.242857,19.071429
-99.214286,19.071429
-99.242857,19.071429
-99.242857,19.057143
-99.214286,19.057143
-99.200000,19.057311
-99.212071,19.071429
-99.214286,19.071429
-99.214286,19.057143
-99.200000,19.057143
-99.199950,19.057143
-99.200000,19.057311
-99.200000,19.057143
-99.003126,19.071429
-99.000000,19.062952
-99.000000,19.071429
-99.000000,19.062952
-98.997127,19.057143
-98.985714,19.057143
-98.985714,19.071429
-99.000000,19.071429
-98.871429,19.071429
-98.985714,19.071429
-98.985714,19.057143
-98.871429,19.057143
-98.857143,19.068601
-98.861205,19.071429
-98.871429,19.071429
-98.871429,19.057143
-98.857143,19.057143
-98.853350,19.071429
-98.857143,19.068601
-98.857143,19.057143
-98.842857,19.057143
-98.842857,19.071429
-98.829901,19.057143
-98.828571,19.060715
-98.828571,19.071429
-98.842857,19.071429
-98.842857,19.057143
-98.828571,19.060715
-98.822010,19.071429
-98.828571,19.071429
-99.255227,19.085714
-99.249979,19.071429
-99.242857,19.071429
-99.242857,19.085714
-99.228571,19.085714
-99.242857,19.085714
-99.242857,19.071429
-99.228571,19.071429
-99.214286,19.074955
-99.219641,19.085714
-99.228571,19.085714
-99.228571,19.071429
-99.214286,19.071429
-99.212071,19.071429
-99.214286,19.074955
-99.214286,19.071429
-99.009798,19.085714
-99.003126,19.071429
-99.000000,19.071429
-99.000000,19.085714
-98.871429,19.085714
-99.000000,19.085714
-99.000000,19.071429
-98.871429,19.071429
-98.861205,19.071429
-98.857143,19.079244
-98.857143,19.085714
-98.871429,19.085714
-98.871429,19.071429
-98.857143,19.079244
-98.853350,19.071429
-98.842857,19.071429
-98.842857,19.085714
-98.857143,19.085714
-98.828571,19.085714
-98.842857,19.085714
-98.842857,19.071429
-98.828571,19.071429
-98.822010,19.071429
-98.814286,19.080798
-98.814286,19.085714
-98.828571,19.085714
-98.828571,19.071429
-98.814286,19.080798
-98.810269,19.085714
-98.814286,19.085714
-99.263460,19.100000
-99.257143,19.089176
-99.257143,19.100000
-99.257143,19.089176
-99.255227,19.085714
-99.242857,19.085714
-99.242857,19.100000
-99.257143,19.100000
-99.228571,19.100000
-99.242857,19.100000
-99.242857,19.085714
-99.228571,19.085714
-99.219641,19.085714
-99.226491,19.100000
-99.228571,19.100000
-99.228571,19.085714
-99.013610,19.100000
-99.009798,19.085714
-99.000000,19.085714
-99.000000,19.100000
-98.871429,19.100000
-99.000000,19.100000
-99.000000,19.085714
-98.871429,19.085714
-98.857143,19.097248
-98.858315,19.100000
-98.871429,19.100000
-98.871429,19.085714
-98.857143,19.085714
-98.842857,19.094027
-98.857143,19.097248
-98.857143,19.085714
-98.842857,19.085714
-98.833050,19.100000
-98.842857,19.094027
-98.842857,19.085714
-98.828571,19.085714
-98.828571,19.100000
-98.814286,19.094220
-98.821163,19.100000
-98.828571,19.100000
-98.828571,19.085714
-98.814286,19.085714
-98.810269,19.085714
-98.814286,19.094220
-98.814286,19.085714
-99.265674,19.114286
-99.263460,19.100000
-99.257143,19.100000
-99.257143,19.114286
-99.242857,19.114286
-99.257143,19.114286
-99.257143,19.100000
-99.242857,19.100000
-99.228571,19.103961
-99.236369,19.114286
-99.242857,19.114286
-99.242857,19.100000
-99.228571,19.100000
-99.226491,19.100000
-99.228571,19.103961
-99.228571,19.100000
-99.015849,19.114286
-99.014286,19.103834
-99.014286,19.114286
-99.014286,19.103834
-99.013610,19.100000
-99.000000,19.100000
-99.000000,19.114286
-99.014286,19.114286
-98.871429,19.114286
-99.000000,19.114286
-99.000000,19.100000
-98.871429,19.100000
-98.858315,19.100000
-98.860786,19.105680
-98.864653,19.114286
-98.871429,19.114286
-98.871429,19.100000
-98.828571,19.107147
-98.833050,19.100000
-98.828571,19.100000
-98.821163,19.100000
-98.828571,19.107147
-98.828571,19.100000
-99.267049,19.128571
-99.265674,19.114286
-99.257143,19.114286
-99.257143,19.128571
-99.242857,19.128249
-99.243016,19.128571
-99.257143,19.128571
-99.257143,19.114286
-99.242857,19.114286
-99.236369,19.114286
-99.242857,19.128249
-99.242857,19.114286
-99.016765,19.128571
-99.015849,19.114286
-99.014286,19.114286
-99.014286,19.128571
-98.885714,19.128571
-99.014286,19.128571
-99.014286,19.114286
-98.885714,19.114286
-98.871429,19.126369
-98.872797,19.128571
-98.885714,19.128571
-98.885714,19.114286
-98.871429,19.114286
-98.864653,19.114286
-98.871429,19.126369
-98.871429,19.114286
-99.267946,19.142857
-99.267049,19.128571
-99.257143,19.128571
-99.257143,19.142857
-99.243016,19.128571
-99.247257,19.142857
-99.257143,19.142857
-99.257143,19.128571
-99.015955,19.142857
-99.016765,19.128571
-99.014286,19.128571
-99.014286,19.142857
-98.885714,19.142857
-99.014286,19.142857
-99.014286,19.128571
-98.885714,19.128571
-98.872797,19.128571
-98.882755,19.142857
-98.885714,19.142857
-98.885714,19.128571
-99.268041,19.157143
-99.267946,19.142857
-99.257143,19.142857
-99.257143,19.157143
-99.247257,19.142857
-99.250628,19.157143
-99.257143,19.157143
-99.257143,19.142857
-99.014286,19.152515
-99.015955,19.142857
-99.014286,19.142857
-99.013028,19.157143
-99.014286,19.152515
-99.014286,19.142857
-99.000000,19.142857
-99.000000,19.157143
-98.900000,19.157143
-99.000000,19.157143
-99.000000,19.142857
-98.900000,19.142857
-98.885714,19.146248
-98.894924,19.157143
-98.900000,19.157143
-98.900000,19.142857
-98.885714,19.142857
-98.882755,19.142857
-98.885714,19.146248
-98.885714,19.142857
-99.267562,19.171429
-99.268041,19.157143
-99.257143,19.157143
-99.257143,19.171429
-99.250628,19.157143
-99.252051,19.168540
-99.252367,19.171429
-99.257143,19.171429
-99.257143,19.157143
-99.007299,19.171429
-99.013028,19.157143
-99.000000,19.157143
-99.000000,19.171429
-98.914286,19.171429
-99.000000,19.171429
-99.000000,19.157143
-98.914286,19.157143
-98.900000,19.161955
-98.910495,19.171429
-98.914286,19.171429
-98.914286,19.157143
-98.900000,19.157143
-98.894924,19.157143
-98.900000,19.161955
-98.900000,19.157143
-99.265061,19.185714
-99.267371,19.173598
-99.267562,19.171429
-99.257143,19.171429
-99.257143,19.185714
-99.252367,19.171429
-99.252070,19.185714
-99.257143,19.185714
-99.257143,19.171429
-99.000000,19.180844
-99.007299,19.171429
-99.000000,19.171429
-98.994849,19.185714
-99.000000,19.180844
-99.000000,19.171429
-98.985714,19.171429
-98.985714,19.185714
-98.942857,19.185714
-98.985714,19.185714
-98.985714,19.171429
-98.942857,19.171429
-98.928571,19.184042
-98.931642,19.185714
-98.942857,19.185714
-98.942857,19.171429
-98.928571,19.171429
-98.914286,19.174353
-98.928571,19.184042
-98.928571,19.171429
-98.914286,19.171429
-98.910495,19.171429
-98.914286,19.174353
-98.914286,19.171429
-99.260650,19.200000
-99.265061,19.185714
-99.257143,19.185714
-99.257143,19.200000
-99.252070,19.185714
-99.248253,19.200000
-99.257143,19.200000
-99.257143,19.185714
-98.985714,19.190838
-98.994849,19.185714
-98.985714,19.185714
-98.971429,19.195036
-98.985714,19.190838
-98.985714,19.185714
-98.971429,19.185714
-98.957143,19.200000
-98.971429,19.200000
-98.971429,19.185714
-98.957143,19.185714
-98.942857,19.191036
-98.957143,19.194846
-98.957143,19.185714
-98.942857,19.185714
-98.931642,19.185714
-98.942857,19.191036
-98.942857,19.185714
-99.257143,19.208788
-99.260650,19.200000
-99.257143,19.200000
-99.248253,19.200000
-99.242857,19.212200
-99.242857,19.214286
-99.254896,19.214286
-99.257143,19.208788
-99.257143,19.200000
-99.242857,19.212200
-99.241928,19.214286
-99.242857,19.214286
-99.249191,19.228571
-99.254896,19.214286
-99.242857,19.214286
-99.242857,19.228571
-99.241928,19.214286
-99.233736,19.228571
-99.242857,19.228571
-99.242857,19.214286
-99.246366,19.242857
-99.249191,19.228571
-99.242857,19.228571
-99.242857,19.242857
-99.233736,19.228571
-99.228571,19.234810
-99.228571,19.242857
-99.242857,19.242857
-99.242857,19.228571
-99.228571,19.234810
-99.214286,19.238905
-99.214286,19.242857
-99.228571,19.242857
-99.214286,19.238905
-99.200000,19.236974
-99.200000,19.242857
-99.214286,19.242857
-99.200000,19.236974
-99.185714,19.232248
-99.185714,19.242857
-99.200000,19.242857
-99.185714,19.232248
-99.171429,19.229953
-99.171429,19.242857
-99.185714,19.242857
-99.171429,19.229953
-99.157143,19.233495
-99.157143,19.242857
-99.171429,19.242857
-99.157143,19.233495
-99.147547,19.242857
-99.157143,19.242857
-99.251885,19.257143
-99.246366,19.242857
-99.242857,19.242857
-99.242857,19.257143
-99.214286,19.257143
-99.242857,19.257143
-99.242857,19.242857
-99.214286,19.242857
-99.200000,19.252785
-99.209649,19.257143
-99.214286,19.257143
-99.214286,19.242857
-99.200000,19.242857
-99.185714,19.246758
-99.200000,19.252785
-99.200000,19.242857
-99.185714,19.242857
-99.171429,19.244668
-99.173615,19.244624
-99.185714,19.246758
-99.185714,19.242857
-99.171429,19.242857
-99.157143,19.256700
-99.171429,19.244668
-99.171429,19.242857
-99.157143,19.242857
-99.147547,19.242857
-99.142857,19.253778
-99.142857,19.257143
-99.156874,19.257143
-99.157143,19.256700
-99.157143,19.242857
-99.142857,19.253778
-99.142469,19.257143
-99.142857,19.257143
-99.269889,19.271429
-99.257143,19.261243
-99.257143,19.271429
-99.257143,19.261243
-99.251885,19.257143
-99.242857,19.257143
-99.242857,19.271429
-99.257143,19.271429
-99.228571,19.271429
-99.242857,19.271429
-99.242857,19.257143
-99.228571,19.257143
-99.214286,19.260164
-99.223335,19.271429
-99.228571,19.271429
-99.228571,19.257143
-99.214286,19.257143
-99.209649,19.257143
-99.214286,19.260164
-99.214286,19.257143
-99.159700,19.271429
-99.157143,19.267502
-99.157143,19.271429
-99.142857,19.263417
-99.145946,19.271429
-99.157143,19.271429
-99.157143,19.267502
-99.156874,19.257143
-99.142857,19.257143
-99.142469,19.257143
-99.142857,19.263417
-99.142857,19.257143
-99.271429,19.284587
-99.271988,19.285714
-99.277288,19.285714
-99.271429,19.273471
-99.257143,19.274951
-99.271429,19.284587
-99.271429,19.273471
-99.269889,19.271429
-99.257143,19.271429
-99.245140,19.285714
-99.257143,19.274951
-99.257143,19.271429
-99.242857,19.271429
-99.242857,19.285714
-99.228571,19.284846
-99.228827,19.285714
-99.242857,19.285714
-99.242857,19.271429
-99.228571,19.271429
-99.223335,19.271429
-99.228571,19.284846
-99.228571,19.271429
-99.157143,19.284433
-99.158289,19.285714
-99.171279,19.285714
-99.159700,19.271429
-99.157143,19.271429
-99.145946,19.271429
-99.157143,19.284433
-99.157143,19.271429
-99.042149,19.285714
-99.028571,19.282243
-99.028571,19.285714
-99.028571,19.282243
-99.022366,19.285714
-99.028571,19.285714
-99.271988,19.285714
-99.271429,19.298306
-99.271429,19.300000
-99.276215,19.300000
-99.277288,19.285714
-99.271429,19.298306
-99.270861,19.300000
-99.271429,19.300000
-99.248115,19.300000
-99.245140,19.285714
-99.242857,19.285714
-99.242857,19.300000
-99.228827,19.285714
-99.236869,19.300000
-99.242857,19.300000
-99.242857,19.285714
-99.181149,19.300000
-99.171429,19.285785
-99.171429,19.300000
-99.158289,19.285714
-99.168134,19.300000
-99.171429,19.300000
-99.171429,19.285785
-99.171279,19.285714
-99.050345,19.300000
-99.042857,19.286201
-99.042857,19.300000
-99.028571,19.291919
-99.037039,19.300000
-99.042857,19.300000
-99.042857,19.286201
-99.042149,19.285714
-99.028571,19.285714
-99.013618,19.300000
-99.014286,19.298862
-99.014286,19.290465
-99.002615,19.300000
-99.271429,19.311124
-99.274454,19.304959
-99.276215,19.300000
-99.271429,19.300000
-99.270861,19.300000
-99.261049,19.314286
-99.269292,19.314286
-99.271429,19.311124
-99.271429,19.300000
-99.250930,19.314286
-99.248115,19.300000
-99.242857,19.300000
-99.242857,19.314286
-99.236869,19.300000
-99.240825,19.314286
-99.242857,19.314286
-99.242857,19.300000
-99.216820,19.314286
-99.216406,19.314244
-99.214286,19.313749
-99.214286,19.314286
-99.214286,19.313749
-99.206843,19.313042
-99.200000,19.312142
-99.200000,19.314286
-99.214286,19.314286
-99.200000,19.312142
-99.185714,19.305322
-99.185714,19.314286
-99.200000,19.314286
-99.171429,19.308625
-99.174118,19.314286
-99.185714,19.314286
-99.185714,19.305322
-99.181149,19.300000
-99.171429,19.300000
-99.168134,19.300000
-99.171429,19.308625
-99.171429,19.300000
-99.048840,19.314286
-99.050345,19.300000
-99.042857,19.300000
-99.042857,19.314286
-99.037039,19.300000
-99.030531,19.314286
-99.042857,19.314286
-99.042857,19.300000
-99.016389,19.314286
-99.014286,19.311484
-99.014286,19.314286
-99.002615,19.300000
-99.000000,19.304863
-99.000000,19.314286
-99.014286,19.314286
-99.014286,19.311484
-99.013618,19.300000
-99.000000,19.304863
-98.997753,19.314286
-99.000000,19.314286
-99.261049,19.314286
-99.257143,19.322368
-99.257143,19.328571
-99.261173,19.328571
-99.269292,19.314286
-99.257143,19.322368
-99.254902,19.328571
-99.257143,19.328571
-99.254902,19.328571
-99.257143,19.322368
-99.257143,19.328571
-99.228571,19.326874
-99.242857,19.322870
-99.242857,19.314286
-99.240825,19.314286
-99.228571,19.317654
-99.214286,19.328005
-99.228571,19.326874
-99.228571,19.317654
-99.216820,19.314286
-99.214286,19.314286
-99.200000,19.327752
-99.214286,19.328005
-99.214286,19.314286
-99.200000,19.314286
-99.185714,19.324011
-99.200000,19.327752
-99.200000,19.314286
-99.185714,19.314286
-99.174118,19.314286
-99.185714,19.324011
-99.185714,19.314286
-99.128571,19.327908
-99.130616,19.328571
-99.139966,19.328571
-99.128571,19.320759
-99.114286,19.328521
-99.128571,19.327908
-99.128571,19.320759
-99.114286,19.321534
-99.114236,19.328571
-99.114286,19.328521
-99.114286,19.321534
-99.101279,19.328571
-99.042857,19.324529
-99.048840,19.314286
-99.042857,19.314286
-99.030531,19.314286
-99.028571,19.315854
-99.028571,19.328571
-99.039372,19.328571
-99.042857,19.324529
-99.042857,19.314286
-99.028571,19.315854
-99.016389,19.314286
-99.014286,19.314286
-99.014286,19.328571
-99.028571,19.328571
-99.000000,19.325910
-99.001067,19.328571
-99.014286,19.328571
-99.014286,19.314286
-99.000000,19.314286
-98.997753,19.314286
-99.000000,19.325910
-99.000000,19.314286
-99.300000,19.336680
-99.307916,19.342857
-99.311933,19.342857
-99.300000,19.333390
-99.287382,19.342857
-99.300000,19.336680
-99.300000,19.333390
-99.285714,19.337981
-99.285714,19.342857
-99.285714,19.337981
-99.278203,19.342857
-99.285714,19.342857
-99.266095,19.342857
-99.261173,19.328571
-99.257143,19.328571
-99.257143,19.342857
-99.254902,19.328571
-99.253617,19.342857
-99.257143,19.342857
-99.257143,19.328571
-99.157143,19.342807
-99.157193,19.342857
-99.167827,19.342857
-99.157143,19.331128
-99.142857,19.334771
-99.157143,19.342807
-99.157143,19.331128
-99.142857,19.329516
-99.130616,19.328571
-99.142857,19.334771
-99.142857,19.329516
-99.139966,19.328571
-99.101279,19.328571
-99.100000,19.329466
-99.100000,19.338285
-99.114236,19.328571
-99.096398,19.342857
-99.100000,19.338285
-99.100000,19.329466
-99.088805,19.342857
-99.088805,19.342857
-99.100000,19.329466
-99.100000,19.338285
-99.096398,19.342857
-99.028571,19.336079
-99.039372,19.328571
-99.028571,19.328571
-99.014286,19.338236
-99.025737,19.337401
-99.028571,19.336079
-99.028571,19.328571
-99.014286,19.328571
-99.001067,19.328571
-99.014286,19.338236
-99.014286,19.328571
-99.307916,19.342857
-99.306191,19.357143
-99.313746,19.357143
-99.314286,19.355131
-99.314286,19.348638
-99.311933,19.342857
-99.285714,19.344162
-99.287382,19.342857
-99.285714,19.342857
-99.278203,19.342857
-99.274039,19.357143
-99.279149,19.357143
-99.285714,19.344162
-99.285714,19.342857
-99.257143,19.354132
-99.266095,19.342857
-99.257143,19.342857
-99.253617,19.342857
-99.242857,19.354357
-99.242857,19.357143
-99.253645,19.357143
-99.257143,19.354132
-99.257143,19.342857
-99.242857,19.354357
-99.239949,19.357143
-99.242857,19.357143
-99.157193,19.342857
-99.160308,19.357143
-99.168521,19.357143
-99.167827,19.342857
-99.088805,19.342857
-99.085714,19.352807
-99.085714,19.357143
-99.092209,19.357143
-99.096398,19.342857
-99.085714,19.352807
-99.085072,19.357143
-99.085714,19.357143
-99.306191,19.357143
-99.300000,19.363932
-99.300000,19.371429
-99.301014,19.371429
-99.313746,19.357143
-99.285714,19.369541
-99.290643,19.371429
-99.300000,19.371429
-99.300000,19.363932
-99.285714,19.363881
-99.274039,19.357143
-99.285714,19.369541
-99.285714,19.363881
-99.279149,19.357143
-99.242857,19.370299
-99.253645,19.357143
-99.242857,19.357143
-99.239949,19.357143
-99.233674,19.368022
-99.232441,19.371429
-99.242239,19.371429
-99.242857,19.370299
-99.242857,19.357143
-99.160308,19.357143
-99.157143,19.366227
-99.157143,19.371429
-99.161143,19.371429
-99.165469,19.364576
-99.168521,19.357143
-99.157143,19.366227
-99.154317,19.371429
-99.157143,19.371429
-99.085072,19.357143
-99.085714,19.362525
-99.085714,19.357143
-99.300000,19.371911
-99.301014,19.371429
-99.300000,19.371429
-99.290643,19.371429
-99.300000,19.371911
-99.300000,19.371429
-99.232441,19.371429
-99.229208,19.385714
-99.238442,19.385714
-99.242239,19.371429
-99.157143,19.375628
-99.161143,19.371429
-99.157143,19.371429
-99.154317,19.371429
-99.145009,19.385714
-99.149562,19.385714
-99.157143,19.375628
-99.157143,19.371429
-99.088804,19.371429
-99.089731,19.385714
-99.098998,19.385714
-99.096300,19.371429
-99.229208,19.385714
-99.231806,19.400000
-99.240132,19.400000
-99.238442,19.385714
-99.166870,19.400000
-99.163960,19.398435
-99.157143,19.396014
-99.157143,19.400000
-99.089731,19.385714
-99.085714,19.393777
-99.085714,19.400000
-99.090691,19.400000
-99.098998,19.385714
-99.085714,19.393777
-99.083677,19.400000
-99.085714,19.400000
-99.245548,19.414286
-99.242857,19.407533
-99.242857,19.414286
-99.231806,19.400000
-99.239273,19.414286
-99.242857,19.414286
-99.242857,19.407533
-99.240132,19.400000
-99.157143,19.407182
-99.159913,19.414286
-99.168401,19.414286
-99.166870,19.400000
-99.157143,19.400000
-99.151702,19.400000
-99.157143,19.407182
-99.157143,19.400000
-99.089274,19.414286
-99.090691,19.400000
-99.085714,19.400000
-99.085714,19.414286
-99.083677,19.400000
-99.082992,19.414286
-99.085714,19.414286
-99.085714,19.400000
-99.242857,19.418073
-99.249062,19.428571
-99.252450,19.428571
-99.245548,19.414286
-99.242857,19.414286
-99.239273,19.414286
-99.242857,19.418073
-99.242857,19.414286
-99.159913,19.414286
-99.160552,19.428571
-99.165559,19.428571
-99.168401,19.414286
-99.085714,19.425346
-99.086737,19.428571
-99.092476,19.428571
-99.089274,19.414286
-99.085714,19.414286
-99.082992,19.414286
-99.085714,19.425346
-99.085714,19.414286
-99.249062,19.428571
-99.250613,19.442857
-99.256385,19.442857
-99.253643,19.433808
-99.252450,19.428571
-99.160552,19.428571
-99.161629,19.442857
-99.165890,19.442857
-99.165559,19.428571
-99.086737,19.428571
-99.092778,19.442857
-99.097479,19.442857
-99.092476,19.428571
-99.260284,19.457143
-99.257143,19.445143
-99.257143,19.457143
-99.250613,19.442857
-99.248962,19.457143
-99.257143,19.457143
-99.257143,19.445143
-99.256385,19.442857
-99.161629,19.442857
-99.161609,19.457143
-99.165456,19.457143
-99.165890,19.442857
-99.101547,19.457143
-99.100000,19.451350
-99.100000,19.457143
-99.092778,19.442857
-99.096665,19.457143
-99.100000,19.457143
-99.100000,19.451350
-99.097479,19.442857
-99.264337,19.471429
-99.260284,19.457143
-99.257143,19.457143
-99.257143,19.471429
-99.248962,19.457143
-99.248316,19.462369
-99.248261,19.471429
-99.257143,19.471429
-99.257143,19.457143
-99.161609,19.457143
-99.159522,19.471429
-99.163426,19.471429
-99.165456,19.457143
-99.100000,19.469129
-99.101130,19.471429
-99.107870,19.471429
-99.101547,19.457143
-99.100000,19.457143
-99.096665,19.457143
-99.100000,19.469129
-99.100000,19.457143
-99.288342,19.485714
-99.285714,19.483671
-99.285714,19.485714
-99.285714,19.483671
-99.271429,19.479836
-99.271429,19.485714
-99.285714,19.485714
-99.271429,19.479836
-99.264337,19.471429
-99.257143,19.471429
-99.257143,19.485714
-99.271429,19.485714
-99.248261,19.471429
-99.254436,19.485714
-99.257143,19.485714
-99.257143,19.471429
-99.193742,19.485714
-99.185714,19.477735
-99.185714,19.485714
-99.185714,19.477735
-99.185576,19.477787
-99.171429,19.482167
-99.171429,19.485714
-99.185714,19.485714
-99.159522,19.471429
-99.161103,19.485714
-99.171429,19.485714
-99.171429,19.482167
-99.163426,19.471429
-99.114286,19.480013
-99.121061,19.485714
-99.124759,19.485714
-99.114286,19.476652
-99.101130,19.471429
-99.114286,19.480013
-99.114286,19.476652
-99.107870,19.471429
-99.302763,19.500000
-99.300000,19.498516
-99.300000,19.500000
-99.300000,19.498516
-99.288342,19.485714
-99.285714,19.485714
-99.285714,19.500000
-99.300000,19.500000
-99.271429,19.500000
-99.285714,19.500000
-99.285714,19.485714
-99.271429,19.485714
-99.257143,19.489502
-99.264305,19.500000
-99.271429,19.500000
-99.271429,19.485714
-99.257143,19.485714
-99.254436,19.485714
-99.257143,19.489502
-99.257143,19.485714
-99.185714,19.497297
-99.193742,19.485714
-99.185714,19.485714
-99.171429,19.496256
-99.185714,19.497297
-99.185714,19.485714
-99.171429,19.485714
-99.161103,19.485714
-99.157143,19.490091
-99.157143,19.499727
-99.171429,19.496256
-99.171429,19.485714
-99.155866,19.500000
-99.157143,19.499727
-99.157143,19.490091
-99.142857,19.496473
-99.142857,19.500000
-99.128571,19.495996
-99.133888,19.500000
-99.142857,19.500000
-99.142857,19.496473
-99.128571,19.489861
-99.121061,19.485714
-99.128571,19.495996
-99.128571,19.489861
-99.124759,19.485714
-99.323826,19.514286
-99.314286,19.507117
-99.314286,19.514286
-99.314286,19.507117
-99.302763,19.500000
-99.300000,19.500000
-99.300000,19.514286
-99.314286,19.514286
-99.285714,19.514286
-99.300000,19.514286
-99.300000,19.500000
-99.285714,19.500000
-99.271429,19.508534
-99.273880,19.511542
-99.276118,19.514286
-99.285714,19.514286
-99.285714,19.500000
-99.271429,19.500000
-99.264305,19.500000
-99.270673,19.507821
-99.271429,19.508534
-99.271429,19.500000
-99.142857,19.502975
-99.155866,19.500000
-99.142857,19.500000
-99.133888,19.500000
-99.142857,19.502975
-99.142857,19.500000
-99.343343,19.528571
-99.342857,19.528308
-99.342857,19.528571
-99.342857,19.528308
-99.328571,19.517713
-99.328571,19.528571
-99.342857,19.528571
-99.328571,19.517713
-99.323826,19.514286
-99.314286,19.514286
-99.314286,19.528571
-99.328571,19.528571
-99.300000,19.528571
-99.314286,19.528571
-99.314286,19.514286
-99.300000,19.514286
-99.285714,19.523638
-99.290034,19.526849
-99.292128,19.528571
-99.300000,19.528571
-99.300000,19.514286
-99.285714,19.514286
-99.276118,19.514286
-99.285714,19.523638
-99.285714,19.514286
-99.370771,19.542857
-99.357143,19.532704
-99.357143,19.542857
-99.357143,19.532704
-99.343343,19.528571
-99.342857,19.528571
-99.342857,19.542857
-99.357143,19.542857
-99.328571,19.541915
-99.330765,19.542857
-99.342857,19.542857
-99.342857,19.528571
-99.328571,19.528571
-99.323091,19.542857
-99.328571,19.541915
-99.328571,19.528571
-99.314286,19.528571
-99.314286,19.542857
-99.300000,19.534975
-99.313003,19.542857
-99.314286,19.542857
-99.314286,19.528571
-99.300000,19.528571
-99.292128,19.528571
-99.300000,19.534975
-99.300000,19.528571
-99.161173,19.542857
-99.157143,19.538540
-99.157143,19.542857
-99.142857,19.541879
-99.145527,19.542857
-99.157143,19.542857
-99.157143,19.538540
-99.142857,19.531014
-99.130648,19.542857
-99.142857,19.541879
-99.142857,19.531014
-99.128571,19.530117
-99.128571,19.542857
-99.128571,19.530117
-99.114286,19.536435
-99.114286,19.542857
-99.128571,19.542857
-99.114286,19.536435
-99.105832,19.542857
-99.114286,19.542857
-99.375238,19.557143
-99.371429,19.543261
-99.371429,19.557143
-99.371429,19.543261
-99.370771,19.542857
-99.357143,19.542857
-99.357143,19.557143
-99.371429,19.557143
-99.342857,19.549691
-99.346641,19.557143
-99.357143,19.557143
-99.357143,19.542857
-99.342857,19.542857
-99.330765,19.542857
-99.342857,19.549691
-99.342857,19.542857
-99.314286,19.543588
-99.323091,19.542857
-99.314286,19.542857
-99.313003,19.542857
-99.314286,19.543588
-99.314286,19.542857
-99.157143,19.555035
-99.157928,19.557143
-99.168400,19.557143
-99.161173,19.542857
-99.157143,19.542857
-99.145527,19.542857
-99.157143,19.555035
-99.157143,19.542857
-99.128571,19.544063
-99.130648,19.542857
-99.128571,19.542857
-99.116540,19.557143
-99.128571,19.544063
-99.128571,19.542857
-99.114286,19.542857
-99.114286,19.557143
-99.105832,19.542857
-99.100000,19.549852
-99.100000,19.557143
-99.114286,19.557143
-99.114286,19.542857
-99.100000,19.549852
-99.095492,19.557143
-99.100000,19.557143
-99.390015,19.571429
-99.385714,19.566121
-99.385714,19.571429
-99.385714,19.566121
-99.375541,19.558938
-99.375238,19.557143
-99.371429,19.557143
-99.371429,19.571429
-99.385714,19.571429
-99.357143,19.566801
-99.362259,19.571429
-99.371429,19.571429
-99.371429,19.557143
-99.357143,19.557143
-99.346641,19.557143
-99.357143,19.566801
-99.357143,19.557143
-99.171929,19.571429
-99.171429,19.568892
-99.171429,19.571429
-99.157928,19.557143
-99.158353,19.571429
-99.171429,19.571429
-99.171429,19.568892
-99.168400,19.557143
-99.114928,19.571429
-99.116540,19.557143
-99.114286,19.557143
-99.114286,19.571429
-99.100000,19.571429
-99.114286,19.571429
-99.114286,19.557143
-99.100000,19.557143
-99.095492,19.557143
-99.090911,19.571429
-99.100000,19.571429
-99.100000,19.557143
-99.389352,19.585714
-99.390015,19.571429
-99.385714,19.571429
-99.385714,19.585714
-99.371429,19.580122
-99.377499,19.585714
-99.385714,19.585714
-99.385714,19.571429
-99.371429,19.571429
-99.362259,19.571429
-99.371429,19.580122
-99.371429,19.571429
-99.172636,19.585714
-99.171929,19.571429
-99.171429,19.571429
-99.171429,19.585714
-99.158353,19.571429
-99.157143,19.575394
-99.157143,19.585714
-99.171429,19.585714
-99.171429,19.571429
-99.157143,19.575394
-99.151103,19.585714
-99.157143,19.585714
-99.122487,19.585714
-99.114928,19.571429
-99.114286,19.571429
-99.114286,19.585714
-99.100000,19.585714
-99.114286,19.585714
-99.114286,19.571429
-99.100000,19.571429
-99.090911,19.571429
-99.091607,19.585714
-99.100000,19.585714
-99.100000,19.571429
-99.403603,19.600000
-99.400000,19.595311
-99.400000,19.600000
-99.400000,19.595311
-99.389352,19.585714
-99.385714,19.585714
-99.385714,19.600000
-99.400000,19.600000
-99.377499,19.585714
-99.378567,19.600000
-99.385714,19.600000
-99.385714,19.585714
-99.171429,19.592026
-99.172636,19.585714
-99.171429,19.585714
-99.168804,19.600000
-99.171429,19.592026
-99.171429,19.585714
-99.157143,19.585714
-99.157143,19.600000
-99.151103,19.585714
-99.142857,19.590592
-99.142857,19.600000
-99.157143,19.600000
-99.157143,19.585714
-99.142857,19.590592
-99.128571,19.590014
-99.128571,19.600000
-99.142857,19.600000
-99.128571,19.590014
-99.122487,19.585714
-99.114286,19.585714
-99.114286,19.600000
-99.128571,19.600000
-99.100000,19.600000
-99.114286,19.600000
-99.114286,19.585714
-99.100000,19.585714
-99.091607,19.585714
-99.096546,19.600000
-99.100000,19.600000
-99.100000,19.585714
-99.417572,19.614286
-99.414286,19.609861
-99.414286,19.614286
-99.414286,19.609861
-99.403603,19.600000
-99.400000,19.600000
-99.400000,19.614286
-99.414286,19.614286
-99.385714,19.607267
-99.392995,19.614286
-99.400000,19.614286
-99.400000,19.600000
-99.385714,19.600000
-99.378567,19.600000
-99.385714,19.607267
-99.385714,19.600000
-99.162221,19.614286
-99.168804,19.600000
-99.157143,19.600000
-99.157143,19.614286
-99.114286,19.614286
-99.157143,19.614286
-99.157143,19.600000
-99.114286,19.600000
-99.100000,19.605727
-99.106776,19.614286
-99.114286,19.614286
-99.114286,19.600000
-99.100000,19.600000
-99.096546,19.600000
-99.100000,19.605727
-99.100000,19.600000
-99.419017,19.628571
-99.417572,19.614286
-99.414286,19.614286
-99.414286,19.628571
-99.400000,19.628571
-99.414286,19.628571
-99.414286,19.614286
-99.400000,19.614286
-99.392995,19.614286
-99.394391,19.628571
-99.400000,19.628571
-99.400000,19.614286
-99.157143,19.622049
-99.162221,19.614286
-99.157143,19.614286
-99.142857,19.627967
-99.157143,19.622049
-99.157143,19.614286
-99.142857,19.614286
-99.128571,19.627234
-99.142857,19.627967
-99.142857,19.614286
-99.128571,19.614286
-99.114286,19.620574
-99.128571,19.627234
-99.128571,19.614286
-99.114286,19.614286
-99.106776,19.614286
-99.114286,19.620574
-99.114286,19.614286
-99.485714,19.641500
-99.500000,19.639463
-99.500000,19.636298
-99.485714,19.636470
-99.484355,19.642857
-99.485714,19.641500
-99.485714,19.636470
-99.478943,19.642857
-99.433010,19.642857
-99.428571,19.638596
-99.428571,19.642857
-99.428571,19.638596
-99.419017,19.628571
-99.414286,19.628571
-99.414286,19.642857
-99.428571,19.642857
-99.400000,19.635043
-99.408473,19.642857
-99.414286,19.642857
-99.414286,19.628571
-99.400000,19.628571
-99.394391,19.628571
-99.394470,19.629689
-99.400000,19.635043
-99.400000,19.628571
-99.478943,19.642857
-99.471429,19.650444
-99.471429,19.655409
-99.484355,19.642857
-99.457143,19.649592
-99.471429,19.655409
-99.471429,19.650444
-99.457143,19.643921
-99.442857,19.651640
-99.433010,19.642857
-99.428571,19.642857
-99.428571,19.657143
-99.442857,19.657143
-99.414286,19.657143
-99.428571,19.657143
-99.428571,19.642857
-99.414286,19.642857
-99.408473,19.642857
-99.409149,19.657143
-99.414286,19.657143
-99.414286,19.642857
-99.496411,19.671429
-99.500000,19.664535
-99.500000,19.659760
-99.492167,19.671429
-99.442857,19.661292
-99.447965,19.657143
-99.442857,19.657143
-99.428571,19.663858
-99.442857,19.661292
-99.442857,19.657143
-99.428571,19.657143
-99.414286,19.662452
-99.428571,19.663858
-99.428571,19.657143
-99.414286,19.657143
-99.409149,19.657143
-99.414286,19.662452
-99.414286,19.657143
-99.492167,19.671429
-99.485714,19.677028
-99.485714,19.682786
-99.487791,19.682264
-99.496411,19.671429
-99.471429,19.682227
-99.485714,19.682786
-99.485714,19.677028
-99.471429,19.675610
-99.467898,19.685714
-99.471429,19.682227
-99.471429,19.675610
-99.461986,19.685714
-99.461986,19.685714
-99.457143,19.692275
-99.457143,19.699147
-99.467898,19.685714
-99.442857,19.698721
-99.457143,19.699147
-99.457143,19.692275
-99.442857,19.688947
-99.440510,19.700000
-99.442857,19.698721
-99.442857,19.688947
-99.435443,19.700000