-99.159285,19.000000
-99.162376,19.014286
-99.149676,19.000000
-99.142857,19.003369
-99.128571,19.010278
-99.142857,19.003369
-99.116531,19.014286
-99.128571,19.010278
-99.162376,19.014286
-99.164396,19.028571
-99.116531,19.014286
-99.114286,19.015393
-99.100050,19.028571
-99.114286,19.015393
-99.164396,19.028571
-99.167674,19.042857
-99.100050,19.028571
-99.100000,19.028621
-99.085714,19.041759
-99.100000,19.028621
-99.084823,19.042857
-99.085714,19.041759
-99.171429,19.046669
-99.182516,19.054067
-99.183803,19.057143
-99.167674,19.042857
-99.171429,19.046669
-99.084823,19.042857
-99.081483,19.047795
-99.076564,19.057143
-99.185714,19.062503
-99.187595,19.067082
-99.189422,19.071429
-99.185714,19.062503
-99.183803,19.057143
-99.185714,19.062503
-99.076564,19.057143
-99.071429,19.066553
-99.065451,19.071429
-99.071429,19.066553
-99.189422,19.071429
-99.196432,19.085714
-99.065451,19.071429
-99.057143,19.079322
-99.054254,19.085714
-99.057143,19.079322
-99.200000,19.091548
-99.207927,19.100000
-99.196432,19.085714
-99.200000,19.091548
-99.054254,19.085714
-99.049743,19.100000
-99.214286,19.107378
-99.218620,19.114286
-99.207927,19.100000
-99.214286,19.107378
-99.049743,19.100000
-99.045501,19.114286
-99.218620,19.114286
-99.219299,19.115975
-99.227486,19.128571
-99.218620,19.114286
-99.045501,19.114286
-99.044891,19.116486
-99.042857,19.122993
-99.040985,19.128571
-99.042857,19.122993
-99.228571,19.129956
-99.234858,19.142857
-99.227486,19.128571
-99.228571,19.129956
-99.040985,19.128571
-99.035082,19.142857
-99.234858,19.142857
-99.240715,19.157143
-99.035082,19.142857
-99.028571,19.154273
-99.026936,19.157143
-99.028571,19.154273
-99.242857,19.164073
-99.244653,19.171429
-99.240715,19.157143
-99.242857,19.164073
-99.026936,19.157143
-99.017618,19.171406
-99.017502,19.171429
-99.244653,19.171429
-99.245923,19.185714
-99.017502,19.171429
-99.014286,19.175981
-99.007176,19.185714
-99.009520,19.182441
-99.014286,19.175981
-99.007176,19.185714
-98.814286,19.184831
-98.817239,19.185714
-98.800000,19.180485
-98.814286,19.184831
-99.245923,19.185714
-99.242857,19.197931
-99.242010,19.200000
-99.242857,19.197931
-99.007176,19.185714
-99.000000,19.195321
-98.995195,19.200000
-99.000000,19.195321
-98.857143,19.197787
-98.861759,19.199361
-98.863786,19.200000
-98.857143,19.197787
-98.842857,19.193599
-98.857143,19.197787
-98.828571,19.189596
-98.842857,19.193599
-98.817239,19.185714
-98.828571,19.189596
-99.242010,19.200000
-99.237128,19.209188
-99.234120,19.214286
-99.242010,19.200000
-98.995195,19.200000
-98.985714,19.207192
-98.973177,19.214286
-98.985714,19.207192
-98.914286,19.212845
-98.920860,19.214286
-98.900000,19.210158
-98.914286,19.212845
-98.885714,19.206503
-98.900000,19.210158
-98.871429,19.202393
-98.885714,19.206503
-98.863786,19.200000
-98.871429,19.202393
-99.234120,19.214286
-99.228571,19.222429
-99.222420,19.228571
-99.228571,19.222429
-99.185714,19.224622
-99.196136,19.228571
-99.171429,19.221028
-99.185714,19.224622
-99.157143,19.222636
-99.171429,19.221028
-99.146755,19.228571
-99.157143,19.222636
-98.973177,19.214286
-98.971429,19.215016
-98.957143,19.217413
-98.964864,19.216735
-98.971429,19.215016
-98.942857,19.217295
-98.957143,19.217413
-98.928571,19.215788
-98.942857,19.217295
-98.920860,19.214286
-98.928571,19.215788
-99.222420,19.228571
-99.214286,19.231406
-99.200000,19.229882
-99.214286,19.231406
-99.196136,19.228571
-99.200000,19.229882
-99.146755,19.228571
-99.142857,19.231935
-99.134446,19.242857
-99.142857,19.231935
-99.134446,19.242857
-99.132467,19.250561
-99.133045,19.257143
-99.134446,19.242857
-99.133045,19.257143
-99.134876,19.265048
-99.137905,19.271429
-99.257143,19.280934
-99.268724,19.285714
-99.251971,19.285714
-99.257143,19.280934
-99.142857,19.277778
-99.150607,19.285714
-99.137905,19.271429
-99.142857,19.277778
-99.042857,19.276535
-99.055071,19.285714
-99.028571,19.276314
-99.042857,19.276535
-99.014924,19.285714
-99.028571,19.276314
-99.268724,19.285714
-99.267648,19.300000
-99.251971,19.285714
-99.252156,19.300000
-99.157143,19.292265
-99.162900,19.300000
-99.150607,19.285714
-99.153445,19.288511
-99.157143,19.292265
-99.150607,19.285714
-99.057143,19.289588
-99.058886,19.300000
-99.055071,19.285714
-99.057143,19.289588
-99.014924,19.285714
-99.014286,19.286077
-99.000000,19.294522
-99.007767,19.289782
-99.014286,19.286077
-98.993718,19.300000
-99.000000,19.294522
-99.267648,19.300000
-99.257143,19.310186
-99.252156,19.300000
-99.257143,19.310186
-99.162900,19.300000
-99.163103,19.314286
-99.058886,19.300000
-99.058490,19.309151
-99.057193,19.314286
-99.058886,19.300000
-98.993718,19.300000
-98.987520,19.314286
-99.242857,19.326161
-99.249431,19.328571
-99.249431,19.328571
-99.242857,19.326161
-99.237477,19.328571
-99.242857,19.326161
-99.163103,19.314286
-99.157143,19.321933
-99.142857,19.324502
-99.157143,19.321933
-99.128571,19.315507
-99.142857,19.324502
-99.114286,19.316259
-99.128571,19.315507
-99.100000,19.324763
-99.114286,19.316259
-99.094409,19.328571
-99.100000,19.324763
-99.057193,19.314286
-99.057143,19.314336
-99.050680,19.328571
-99.057143,19.314336
-98.987520,19.314286
-98.987516,19.328571
-99.300000,19.338503
-99.305818,19.342857
-99.290846,19.342857
-99.300000,19.338503
-99.249431,19.328571
-99.249916,19.330854
-99.248263,19.342857
-99.249431,19.328571
-99.237477,19.328571
-99.228571,19.334185
-99.214286,19.336086
-99.228571,19.334185
-99.200000,19.336087
-99.208330,19.336083
-99.214286,19.336086
-99.200000,19.336087
-99.185714,19.334246
-99.200000,19.336087
-99.175865,19.342857
-99.185714,19.334246
-99.094409,19.328571
-99.091033,19.332029
-99.085714,19.340521
-99.090856,19.332085
-99.085714,19.340521
-99.090856,19.332085
-99.094409,19.328571
-99.091033,19.332029
-99.084797,19.342857
-99.085714,19.340521
-99.050680,19.328571
-99.042857,19.338741
-99.037762,19.342857
-99.042857,19.338741
-98.987516,19.328571
-98.990869,19.342857
-99.305818,19.342857
-99.302150,19.357143
-99.290846,19.342857
-99.285714,19.347216
-99.281487,19.357143
-99.285714,19.347216
-99.248263,19.342857
-99.242857,19.347341
-99.231840,19.357143
-99.242857,19.347341
-99.175865,19.342857
-99.174791,19.357143
-99.084797,19.342857
-99.080153,19.357143
-99.037762,19.342857
-99.028571,19.349111
-99.014286,19.354885
-99.028571,19.349111
-99.009865,19.357143
-99.014286,19.354885
-98.990869,19.342857
-98.993393,19.348584
-98.998986,19.357143
-98.992248,19.346343
-99.302150,19.357143
-99.300000,19.359600
-99.285714,19.360848
-99.300000,19.359600
-99.281487,19.357143
-99.285714,19.360848
-99.231840,19.357143
-99.228571,19.365187
-99.226778,19.371429
-99.228571,19.365187
-99.174791,19.357143
-99.171429,19.366071
-99.167437,19.371429
-99.171429,19.366071
-99.080153,19.357143
-99.082785,19.371429
-99.009865,19.357143
-99.000000,19.358081
-98.998986,19.357143
-99.000000,19.358081
-99.226778,19.371429
-99.225771,19.375177
-99.223883,19.385714
-99.167437,19.371429
-99.157143,19.379322
-99.152200,19.385714
-99.155422,19.380744
-99.157143,19.379322
-99.152200,19.385714
-99.082785,19.371429
-99.083207,19.385714
-99.223883,19.385714
-99.224023,19.389575
-99.227133,19.400000
-99.171429,19.393923
-99.175943,19.400000
-99.157143,19.392626
-99.171429,19.393923
-99.152200,19.385714
-99.157143,19.392626
-99.083207,19.385714
-99.078937,19.400000
-99.228571,19.404037
-99.230776,19.408919
-99.234348,19.414286
-99.227133,19.400000
-99.228571,19.404037
-99.175943,19.400000
-99.173412,19.414286
-99.078937,19.400000
-99.078431,19.405938
-99.079030,19.414286
-99.078937,19.400000
-99.242857,19.420822
-99.247171,19.428571
-99.234348,19.414286
-99.242715,19.420812
-99.242857,19.420822
-99.173412,19.414286
-99.171429,19.418564
-99.168422,19.428571
-99.171429,19.418564
-99.079030,19.414286
-99.083476,19.428571
-99.247171,19.428571
-99.247402,19.442857
-99.168422,19.428571
-99.168297,19.442857
-99.085714,19.433095
-99.090152,19.442857
-99.083476,19.428571
-99.085714,19.433095
-99.247402,19.442857
-99.242857,19.456297
-99.242589,19.457143
-99.242857,19.456297
-99.168297,19.442857
-99.167773,19.457143
-99.090152,19.442857
-99.093224,19.457143
-99.242589,19.457143
-99.239999,19.471429
-99.167773,19.457143
-99.165560,19.471429
-99.093224,19.457143
-99.096370,19.471429
-99.239999,19.471429
-99.238136,19.485714
-99.200000,19.483178
-99.201313,19.485714
-99.185714,19.474400
-99.188027,19.474673
-99.200000,19.483178
-99.185714,19.474400
-99.171429,19.478300
-99.185714,19.474400
-99.165560,19.471429
-99.169739,19.477779
-99.171429,19.478300
-99.165560,19.471429
-99.114286,19.481911
-99.119024,19.485714
-99.100000,19.476307
-99.114286,19.481911
-99.096370,19.471429
-99.100000,19.476307
-99.242857,19.491288
-99.249874,19.500000
-99.238136,19.485714
-99.242857,19.491288
-99.201313,19.485714
-99.201562,19.488998
-99.200000,19.493122
-99.201313,19.485714
-99.195020,19.500000
-99.200000,19.493122
-99.119024,19.485714
-99.126756,19.500000
-99.257143,19.512370
-99.258298,19.514286
-99.249874,19.500000
-99.257143,19.512370
-99.195020,19.500000
-99.185714,19.506671
-99.171429,19.505817
-99.182817,19.507361
-99.185714,19.506671
-99.171429,19.505817
-99.157143,19.504720
-99.171429,19.505817
-99.142857,19.507636
-99.157143,19.504720
-99.128571,19.502845
-99.140465,19.507762
-99.142857,19.507636
-99.128571,19.502845
-99.126756,19.500000
-99.128571,19.502845
-99.258298,19.514286
-99.265580,19.528571
-99.142857,19.524498
-99.151260,19.528571
-99.128571,19.520080
-99.142857,19.524498
-99.114286,19.526601
-99.122970,19.522645
-99.114286,19.526601
-99.122970,19.522645
-99.128571,19.520080
-99.114286,19.526601
-99.110688,19.528571
-99.114286,19.526601
-99.271429,19.536341
-99.278509,19.542857
-99.265580,19.528571
-99.271429,19.536341
-99.157143,19.531403
-99.167809,19.542857
-99.151260,19.528571
-99.157143,19.531403
-99.110688,19.528571
-99.100000,19.535735
-99.092175,19.542857
-99.100000,19.535735
-99.285714,19.551954
-99.291794,19.557143
-99.278509,19.542857
-99.285714,19.551954
-99.171429,19.550626
-99.173960,19.557143
-99.167809,19.542857
-99.171429,19.550626
-99.092175,19.542857
-99.085714,19.549842
-99.080551,19.557143
-99.085714,19.549842
-99.300000,19.565142
-99.309764,19.571429
-99.291794,19.557143
-99.300000,19.565142
-99.173960,19.557143
-99.180808,19.571429
-99.080551,19.557143
-99.075718,19.571429
-99.328571,19.583538
-99.332015,19.585714
-99.314286,19.574187
-99.315790,19.575388
-99.328571,19.583538
-99.314286,19.574187
-99.309764,19.571429
-99.314286,19.574187
-99.180808,19.571429
-99.185327,19.585714
-99.075718,19.571429
-99.075246,19.585714
-99.371429,19.596341
-99.372771,19.600000
-99.363897,19.600000
-99.371429,19.596341
-99.342857,19.593891
-99.350924,19.597492
-99.353006,19.600000
-99.349800,19.596574
-99.332015,19.585714
-99.342857,19.593891
-99.185714,19.589202
-99.185714,19.599950
-99.185327,19.585714
-99.185714,19.589202
-99.185664,19.600000
-99.185714,19.599950
-99.075246,19.585714
-99.078222,19.600000
-99.385714,19.612245
-99.387922,19.614286
-99.372771,19.600000
-99.385714,19.612245
-99.363897,19.600000
-99.357143,19.603728
-99.353006,19.600000
-99.357143,19.603728
-99.185664,19.600000
-99.181653,19.614286
-99.078222,19.600000
-99.080738,19.606288
-99.084329,19.614286
-99.078222,19.600000
-99.387922,19.614286
-99.389560,19.628571
-99.181653,19.614286
-99.172078,19.628571
-99.085714,19.616891
-99.092861,19.628571
-99.084329,19.614286
-99.085714,19.616891
-99.491304,19.642857
-99.500000,19.641749
-99.400000,19.639612
-99.404026,19.642857
-99.389560,19.628571
-99.400000,19.639612
-99.172078,19.628571
-99.171429,19.629340
-99.164122,19.642857
-99.168128,19.634235
-99.171429,19.629340
-99.164122,19.642857
-99.100000,19.637656
-99.105082,19.642857
-99.092861,19.628571
-99.100000,19.637656
-99.491304,19.642857
-99.488525,19.645780
-99.485714,19.650212
-99.491304,19.642857
-99.497152,19.657143
-99.500000,19.656051
-99.479727,19.657143
-99.485714,19.650212
-99.457143,19.652193
-99.465821,19.657143
-99.451211,19.657143
-99.452992,19.654373
-99.457143,19.652193
-99.451211,19.657143
-99.404026,19.642857
-99.405313,19.657143
-99.164122,19.642857
-99.157143,19.653608
-99.142857,19.656844
-99.157143,19.653608
-99.128571,19.656047
-99.142857,19.656844
-99.114286,19.649859
-99.128571,19.656047
-99.105082,19.642857
-99.114286,19.649859
-99.497152,19.657143
-99.488653,19.671429
-99.488653,19.671429
-99.489510,19.669166
-99.497152,19.657143
-99.479727,19.657143
-99.471429,19.662090
-99.471429,19.670069
-99.476275,19.671429
-99.465821,19.657143
-99.469634,19.661746
-99.457143,19.667049
-99.471429,19.670069
-99.471429,19.662090
-99.465821,19.657143
-99.451211,19.657143
-99.448781,19.663702
-99.442857,19.665189
-99.451211,19.657143
-99.451758,19.671429
-99.452653,19.667554
-99.457143,19.667049
-99.428571,19.669302
-99.442857,19.665189
-99.414286,19.666240
-99.428571,19.669302
-99.405313,19.657143
-99.405542,19.659773
-99.414286,19.666240
-99.405313,19.657143
-99.488653,19.671429
-99.485714,19.673345
-99.476275,19.671429
-99.485714,19.673345
-99.457143,19.681902
-99.457143,19.685109
-99.451758,19.671429
-99.457143,19.681902
-99.442857,19.683658
-99.457143,19.685109
-99.435300,19.685714
-99.442857,19.683658
-99.435300,19.685714
-99.433179,19.700000